2.248
3.133
2.367
0.512
3.799
3.122
0.540
3.747
1.108
0.895
1.103
2.371
2.314
0.319
1.839
1.928
0.136
0.900
0.204
5.331
0.637
1.032
2.560
2.435
1.656
1.130
2.633
2.223
1.473
0.857
2.419
1.097
2.507
0.506
4.066
1.308
1.041
2.775
1.728
2.521
2.050
1.628
1.395
1.967
2.700
1.040
2.138
2.233
2.935
1.939
3.973
1.208
2.602
1.577
1.250
2.095
2.456
3.553
2.215
1.632
2.210
2.574
1.273
2.237
1.932
1.560
1.883
1.586
1.008
1.677
1.480
1.555
1.996
1.155
1.576
4.808
1.215
3.434
2.884
1.914
2.513
2.312
2.291
1.406
1.861
2.400
1.530
2.226
1.387
1.195
1.431
2.249
1.765
2.737
1.059
2.583
1.299
1.062
2.326
1.800
5.839
2.649
2.699
1.281
1.880
1.380
1.247
2.137
1.001
1.483
1.008
4.529
2.946
1.014
2.010
1.279
3.076
2.434
1.948
1.886
1.099
3.538
2.618
1.144
3.376
2.552
2.891
1.975
1.690
1.485
1.854
2.252
5.794
1.431
2.309
2.824
3.687
2.964
0.614
0.521
0.855
0.554
0.601
0.623
0.982
0.573
0.187
0.630
0.833
0.613
0.278
0.308
0.912
0.493
0.594
0.756
0.307
0.471
0.950
0.561
0.447
0.171
0.267
0.651
0.337
0.863
0.127
0.653
0.735
0.198
0.961
0.845
0.39
0.181
0.112
0.227
0.373
0.369
0.283
0.952
0.848
0.469
0.84
0.89
0.515
0.493
0.284
0.966
0.130
0.44
0.923
0.223
0.371
0.898
0.444
0.661
0.804
0.794
0.922
