10.877
1.736
1.117
1.242
1.663
1.783
2.863
2.994
1.824
2.381
1.745
5.639
2.327
2.661
1.936
3.096
1.421
1.039
2.356
1.649
3.319
2.141
1.109
2.211
3.228
2.741
5.278
5.651
4.835
4.413
1.735
4.490
1.019
1.903
5.827
2.622
2.636
5.255
4.419
3.497
2.587
2.156
4.899
2.849
1.054
1.064
2.025
2.062
4.068
1.013
1.942
1.181
5.151
6.012
2.409
5.910
2.811
3.032
2.904
3.442
2.179
2.811
3.004
3.215
5.297
1.777
3.852
2.973
1.510
1.874
12.572
3.726
1.137
19.381
10.953
11.690
5.232
10.200
1.333
5.922
3.549
2.913
2.006
2.512
1.537
2.064
6.288
1.317
1.689
1.755
4.174
1.531
2.018
3.934
2.072
4.932
2.656
3.128
1.340
2.754
1.962
5.857
2.530
3.733
2.991
2.126
5.266
1.041
2.129
2.362
1.606
2.558
1.064
5.682
2.623
5.550
2.194
1.919
3.858
4.599
1.909
2.798
4.679
1.285
3.442
1.497
2.507
2.570
3.088
1.796
1.952
2.128
2.361
3.379
2.016
2.833
1.275
4.614
2.374
1.457
1.505
2.388
2.882
2.187
4.425
1.681
2.780
2.834
3.006
1.797
4.113
1.387
2.106
2.352
2.090
2.298
3.796
1.351
1.131
2.925
1.257
2.646
1.855
1.561
2.716
1.199
1.379
1.637
2.748
2.411
1.429
4.444
2.704
4.293
2.483
6.120
5.401
4.386
3.441
1.313
1.438
2.580
2.061
1.447
1.843
3.358
4.028
1.405
5.493
2.678
2.425
2.907
4.804
1.801
1.034
8.715
2.095
5.655
2.696
