62.368
0.657
11.870
4.952
5.957
3.366
0.676
7.079
2.012
0.593
2.927
1.468
1.815
2.495
2.135
8.963
4.137
2.895
4.645
5.686
0.566
0.989
1.169
1.863
7.422
0.815
26.897
16.826
0.602
0.542
1.127
2.805
1.570
2.717
1.122
3.308
2.179
2.824
0.305
2.856
2.766
2.060
0.354
9.588
0.635
0.995
0.925
0.816
2.159
0.351
2.513
0.300
1.686
0.706
0.256
16.215
12.606
5.210
0.436
6.326
1.931
0.368
2.108
2.098
2.782
20.505
4.774
0.228
1.137
1.277
1.844
2.340
0.977
3.020
0.585
2.375
2.129
2.193
2.539
2.570
0.952
0.899
2.442
2.406
1.978
0.659
0.919
2.654
1.471
1.920
0.942
2.253
0.523
1.309
17.721
0.822
1.495
0.354
89.417
2.290
2.801
74.476
1.654
1.535
36.274
1.519
0.925
1.439
2.613
0.685
1.347
2.210
0.749
1.337
2.533
14.933
8.426
0.961
0.562
1.461
2.904
2.441
1.924
1.647
1.952
2.961
1.414
0.390
0.337
1.002
2.186
2.314
0.508
5.515
1.149
0.774
1.908
2.169
2.629
2.303
34.467
2.207
2.487
2.311
4.854
1.297
2.063
1.596
0.166
0.154
1.934
1.475
1.729
2.169
1.161
13.851
2.287
0.811
1.091
1.808
56.749
0.932
1.538
0.950
0.391
1.620
1.256
3.273
4.161
1.553
1.972
0.998
0.714
9.686
